BLOCK DAY SHOT codend cover REP WtSch q1 q2 total Lenclass Haul
2 1 3 0 0 1 2.02 0.585 0.34 0 6 1
2 1 3 0 0 1 2.02 0.585 0.34 0 7 1
2 1 3 0 0 1 2.02 0.585 0.34 0 8 1
2 1 3 0 0 1 2.02 0.585 0.34 0 9 1
2 1 3 0 0 1 2.02 0.585 0.34 0 10 1
2 1 3 0 2 1 2.02 0.585 0.34 2 11 1
2 1 3 0 0 1 2.02 0.585 0.34 0 12 1
2 1 3 2 8 1 2.02 0.585 0.34 10 13 1
2 1 3 3 6 1 2.02 0.585 0.34 9 14 1
2 1 3 25 34 1 2.02 0.585 0.34 59 15 1
2 1 3 47 82 1 2.02 0.585 0.34 129 16 1
2 1 3 65 62 1 2.02 0.585 0.34 127 17 1
2 1 3 57 37 1 2.02 0.585 0.34 94 18 1
2 1 3 28 12 1 2.02 0.585 0.34 40 19 1
2 1 3 16 3 1 2.02 0.585 0.34 19 20 1
2 1 3 5 0 1 2.02 0.585 0.34 5 21 1
2 1 3 1 0 1 2.02 0.585 0.34 1 22 1
2 1 3 0 0 1 2.02 0.585 0.34 0 23 1
2 2 3 0 0 1 1.68 0.691 0.605 0 6 2
2 2 3 0 0 1 1.68 0.691 0.605 0 7 2
2 2 3 0 0 1 1.68 0.691 0.605 0 8 2
2 2 3 0 0 1 1.68 0.691 0.605 0 9 2
2 2 3 0 0 1 1.68 0.691 0.605 0 10 2
2 2 3 0 0 1 1.68 0.691 0.605 0 11 2
2 2 3 0 0 1 1.68 0.691 0.605 0 12 2
2 2 3 0 0 1 1.68 0.691 0.605 0 13 2
2 2 3 0 16 1 1.68 0.691 0.605 16 14 2
2 2 3 12 30 1 1.68 0.691 0.605 42 15 2
2 2 3 48 85 1 1.68 0.691 0.605 133 16 2
2 2 3 67 61 1 1.68 0.691 0.605 128 17 2
2 2 3 67 44 1 1.68 0.691 0.605 111 18 2
2 2 3 43 10 1 1.68 0.691 0.605 53 19 2
2 2 3 11 2 1 1.68 0.691 0.605 13 20 2
2 2 3 0 0 1 1.68 0.691 0.605 0 21 2
2 2 3 2 0 1 1.68 0.691 0.605 2 22 2
2 2 3 0 0 1 1.68 0.691 0.605 0 23 2
2 2 6 0 0 2 1.14 1 0.859 0 6 3
2 2 6 0 0 2 1.14 1 0.859 0 7 3
2 2 6 0 0 2 1.14 1 0.859 0 8 3
2 2 6 0 0 2 1.14 1 0.859 0 9 3
2 2 6 0 0 2 1.14 1 0.859 0 10 3
2 2 6 0 0 2 1.14 1 0.859 0 11 3
2 2 6 1 3 2 1.14 1 0.859 4 12 3
2 2 6 0 2 2 1.14 1 0.859 2 13 3
2 2 6 5 10 2 1.14 1 0.859 15 14 3
2 2 6 13 42 2 1.14 1 0.859 55 15 3
2 2 6 37 73 2 1.14 1 0.859 110 16 3
2 2 6 65 69 2 1.14 1 0.859 134 17 3
2 2 6 73 38 2 1.14 1 0.859 111 18 3
2 2 6 34 12 2 1.14 1 0.859 46 19 3
2 2 6 15 0 2 1.14 1 0.859 15 20 3
2 2 6 4 0 2 1.14 1 0.859 4 21 3
2 2 6 0 0 2 1.14 1 0.859 0 22 3
2 2 6 0 0 2 1.14 1 0.859 0 23 3
2 3 2 0 0 1 1.72 0.651 1 0 6 4
2 3 2 0 0 1 1.72 0.651 1 0 7 4
2 3 2 0 0 1 1.72 0.651 1 0 8 4
2 3 2 0 0 1 1.72 0.651 1 0 9 4
2 3 2 0 0 1 1.72 0.651 1 0 10 4
2 3 2 1 2 1 1.72 0.651 1 3 11 4
2 3 2 0 1 1 1.72 0.651 1 1 12 4
2 3 2 1 7 1 1.72 0.651 1 8 13 4
2 3 2 1 9 1 1.72 0.651 1 10 14 4
2 3 2 11 23 1 1.72 0.651 1 34 15 4
2 3 2 42 48 1 1.72 0.651 1 90 16 4
2 3 2 75 57 1 1.72 0.651 1 132 17 4
2 3 2 77 36 1 1.72 0.651 1 113 18 4
2 3 2 30 6 1 1.72 0.651 1 36 19 4
2 3 2 8 1 1 1.72 0.651 1 9 20 4
2 3 2 2 0 1 1.72 0.651 1 2 21 4
2 3 2 0 0 1 1.72 0.651 1 0 22 4
2 3 2 0 0 1 1.72 0.651 1 0 23 4
2 3 6 0 1 2 1.43 0.817 0.505 1 6 5
2 3 6 0 0 2 1.43 0.817 0.505 0 7 5
2 3 6 0 0 2 1.43 0.817 0.505 0 8 5
2 3 6 0 0 2 1.43 0.817 0.505 0 9 5
2 3 6 0 0 2 1.43 0.817 0.505 0 10 5
2 3 6 0 0 2 1.43 0.817 0.505 0 11 5
2 3 6 1 3 2 1.43 0.817 0.505 4 12 5
2 3 6 0 1 2 1.43 0.817 0.505 1 13 5
2 3 6 3 8 2 1.43 0.817 0.505 11 14 5
2 3 6 12 25 2 1.43 0.817 0.505 37 15 5
2 3 6 42 71 2 1.43 0.817 0.505 113 16 5
2 3 6 53 73 2 1.43 0.817 0.505 126 17 5
2 3 6 72 42 2 1.43 0.817 0.505 114 18 5
2 3 6 46 17 2 1.43 0.817 0.505 63 19 5
2 3 6 15 1 2 1.43 0.817 0.505 16 20 5
2 3 6 5 0 2 1.43 0.817 0.505 5 21 5
2 3 6 1 0 2 1.43 0.817 0.505 1 22 5
2 3 6 0 0 2 1.43 0.817 0.505 0 23 5
2 4 1 0 0 1 0.79 1 1 0 6 6
2 4 1 0 0 1 0.79 1 1 0 7 6
2 4 1 0 0 1 0.79 1 1 0 8 6
2 4 1 0 0 1 0.79 1 1 0 9 6
2 4 1 0 0 1 0.79 1 1 0 10 6
2 4 1 0 0 1 0.79 1 1 0 11 6
2 4 1 0 2 1 0.79 1 1 2 12 6
2 4 1 1 0 1 0.79 1 1 1 13 6
2 4 1 3 7 1 0.79 1 1 10 14 6
2 4 1 15 19 1 0.79 1 1 34 15 6
2 4 1 28 38 1 0.79 1 1 66 16 6
2 4 1 44 21 1 0.79 1 1 65 17 6
2 4 1 38 6 1 0.79 1 1 44 18 6
2 4 1 26 6 1 0.79 1 1 32 19 6
2 4 1 13 0 1 0.79 1 1 13 20 6
2 4 1 1 0 1 0.79 1 1 1 21 6
2 4 1 1 0 1 0.79 1 1 1 22 6
2 4 1 0 0 1 0.79 1 1 0 23 6
2 4 4 0 0 2 1.86 0.569 1 0 6 7
2 4 4 0 0 2 1.86 0.569 1 0 7 7
2 4 4 0 0 2 1.86 0.569 1 0 8 7
2 4 4 0 0 2 1.86 0.569 1 0 9 7
2 4 4 0 0 2 1.86 0.569 1 0 10 7
2 4 4 0 0 2 1.86 0.569 1 0 11 7
2 4 4 0 0 2 1.86 0.569 1 0 12 7
2 4 4 1 1 2 1.86 0.569 1 2 13 7
2 4 4 0 4 2 1.86 0.569 1 4 14 7
2 4 4 19 18 2 1.86 0.569 1 37 15 7
2 4 4 52 26 2 1.86 0.569 1 78 16 7
2 4 4 69 22 2 1.86 0.569 1 91 17 7
2 4 4 58 11 2 1.86 0.569 1 69 18 7
2 4 4 27 2 2 1.86 0.569 1 29 19 7
2 4 4 6 1 2 1.86 0.569 1 7 20 7
2 4 4 4 0 2 1.86 0.569 1 4 21 7
2 4 4 1 0 2 1.86 0.569 1 1 22 7
2 4 4 1 0 2 1.86 0.569 1 1 23 7
2 5 2 0 0 1 0.37 1 1 0 6 8
2 5 2 0 0 1 0.37 1 1 0 7 8
2 5 2 0 0 1 0.37 1 1 0 8 8
2 5 2 0 1 1 0.37 1 1 1 9 8
2 5 2 0 1 1 0.37 1 1 1 10 8
2 5 2 0 0 1 0.37 1 1 0 11 8
2 5 2 0 0 1 0.37 1 1 0 12 8
2 5 2 0 0 1 0.37 1 1 0 13 8
2 5 2 1 3 1 0.37 1 1 4 14 8
2 5 2 5 9 1 0.37 1 1 14 15 8
2 5 2 26 17 1 0.37 1 1 43 16 8
2 5 2 24 10 1 0.37 1 1 34 17 8
2 5 2 16 5 1 0.37 1 1 21 18 8
2 5 2 9 2 1 0.37 1 1 11 19 8
2 5 2 1 0 1 0.37 1 1 1 20 8
2 5 2 2 0 1 0.37 1 1 2 21 8
2 5 2 0 0 1 0.37 1 1 0 22 8
2 5 2 0 0 1 0.37 1 1 0 23 8
2 5 5 0 0 2 0.52 1 1 0 6 9
2 5 5 0 0 2 0.52 1 1 0 7 9
2 5 5 0 0 2 0.52 1 1 0 8 9
2 5 5 0 0 2 0.52 1 1 0 9 9
2 5 5 1 1 2 0.52 1 1 2 10 9
2 5 5 0 0 2 0.52 1 1 0 11 9
2 5 5 0 0 2 0.52 1 1 0 12 9
2 5 5 0 4 2 0.52 1 1 4 13 9
2 5 5 4 7 2 0.52 1 1 11 14 9
2 5 5 8 16 2 0.52 1 1 24 15 9
2 5 5 32 23 2 0.52 1 1 55 16 9
2 5 5 31 18 2 0.52 1 1 49 17 9
2 5 5 28 9 2 0.52 1 1 37 18 9
2 5 5 14 3 2 0.52 1 1 17 19 9
2 5 5 4 1 2 0.52 1 1 5 20 9
2 5 5 0 0 2 0.52 1 1 0 21 9
2 5 5 0 0 2 0.52 1 1 0 22 9
2 5 5 0 0 2 0.52 1 1 0 23 9
3 6 1 0 0 1 0.23 1 1 0 6 10
3 6 1 0 0 1 0.23 1 1 0 7 10
3 6 1 0 0 1 0.23 1 1 0 8 10
3 6 1 0 0 1 0.23 1 1 0 9 10
3 6 1 0 0 1 0.23 1 1 0 10 10
3 6 1 0 1 1 0.23 1 1 1 11 10
3 6 1 0 0 1 0.23 1 1 0 12 10
3 6 1 2 0 1 0.23 1 1 2 13 10
3 6 1 1 0 1 0.23 1 1 1 14 10
3 6 1 3 2 1 0.23 1 1 5 15 10
3 6 1 5 4 1 0.23 1 1 9 16 10
3 6 1 12 3 1 0.23 1 1 15 17 10
3 6 1 15 3 1 0.23 1 1 18 18 10
3 6 1 6 0 1 0.23 1 1 6 19 10
3 6 1 2 0 1 0.23 1 1 2 20 10
3 6 1 0 0 1 0.23 1 1 0 21 10
3 6 1 0 0 1 0.23 1 1 0 22 10
3 6 1 0 0 1 0.23 1 1 0 23 10
3 6 4 0 1 2 1.06 1 1 1 6 11
3 6 4 0 0 2 1.06 1 1 0 7 11
3 6 4 0 1 2 1.06 1 1 1 8 11
3 6 4 0 1 2 1.06 1 1 1 9 11
3 6 4 0 3 2 1.06 1 1 3 10 11
3 6 4 0 2 2 1.06 1 1 2 11 11
3 6 4 2 7 2 1.06 1 1 9 12 11
3 6 4 2 6 2 1.06 1 1 8 13 11
3 6 4 1 17 2 1.06 1 1 18 14 11
3 6 4 13 29 2 1.06 1 1 42 15 11
3 6 4 57 42 2 1.06 1 1 99 16 11
3 6 4 73 45 2 1.06 1 1 118 17 11
3 6 4 48 14 2 1.06 1 1 62 18 11
3 6 4 28 3 2 1.06 1 1 31 19 11
3 6 4 6 1 2 1.06 1 1 7 20 11
3 6 4 1 0 2 1.06 1 1 1 21 11
3 6 4 0 0 2 1.06 1 1 0 22 11
3 6 4 0 0 2 1.06 1 1 0 23 11
3 7 2 0 0 1 1.35 0.842 1 0 6 12
3 7 2 0 0 1 1.35 0.842 1 0 7 12
3 7 2 0 0 1 1.35 0.842 1 0 8 12
3 7 2 0 2 1 1.35 0.842 1 2 9 12
3 7 2 0 1 1 1.35 0.842 1 1 10 12
3 7 2 0 3 1 1.35 0.842 1 3 11 12
3 7 2 1 5 1 1.35 0.842 1 6 12 12
3 7 2 0 9 1 1.35 0.842 1 9 13 12
3 7 2 5 9 1 1.35 0.842 1 14 14 12
3 7 2 15 27 1 1.35 0.842 1 42 15 12
3 7 2 64 30 1 1.35 0.842 1 94 16 12
3 7 2 63 35 1 1.35 0.842 1 98 17 12
3 7 2 61 19 1 1.35 0.842 1 80 18 12
3 7 2 32 6 1 1.35 0.842 1 38 19 12
3 7 2 7 1 1 1.35 0.842 1 8 20 12
3 7 2 2 0 1 1.35 0.842 1 2 21 12
3 7 2 1 0 1 1.35 0.842 1 1 22 12
3 7 2 0 0 1 1.35 0.842 1 0 23 12
3 7 6 0 0 2 1.46 0.766 1 0 6 13
3 7 6 0 0 2 1.46 0.766 1 0 7 13
3 7 6 0 0 2 1.46 0.766 1 0 8 13
3 7 6 0 1 2 1.46 0.766 1 1 9 13
3 7 6 0 0 2 1.46 0.766 1 0 10 13
3 7 6 1 8 2 1.46 0.766 1 9 11 13
3 7 6 1 8 2 1.46 0.766 1 9 12 13
3 7 6 2 5 2 1.46 0.766 1 7 13 13
3 7 6 7 6 2 1.46 0.766 1 13 14 13
3 7 6 17 20 2 1.46 0.766 1 37 15 13
3 7 6 50 43 2 1.46 0.766 1 93 16 13
3 7 6 81 35 2 1.46 0.766 1 116 17 13
3 7 6 49 12 2 1.46 0.766 1 61 18 13
3 7 6 31 3 2 1.46 0.766 1 34 19 13
3 7 6 9 0 2 1.46 0.766 1 9 20 13
3 7 6 1 0 2 1.46 0.766 1 1 21 13
3 7 6 0 0 2 1.46 0.766 1 0 22 13
3 7 6 0 0 2 1.46 0.766 1 0 23 13
3 8 3 0 0 1 2.14 0.523 1 0 6 14
3 8 3 0 0 1 2.14 0.523 1 0 7 14
3 8 3 0 0 1 2.14 0.523 1 0 8 14
3 8 3 0 0 1 2.14 0.523 1 0 9 14
3 8 3 0 0 1 2.14 0.523 1 0 10 14
3 8 3 0 7 1 2.14 0.523 1 7 11 14
3 8 3 1 6 1 2.14 0.523 1 7 12 14
3 8 3 4 16 1 2.14 0.523 1 20 13 14
3 8 3 4 11 1 2.14 0.523 1 15 14 14
3 8 3 15 16 1 2.14 0.523 1 31 15 14
3 8 3 49 32 1 2.14 0.523 1 81 16 14
3 8 3 69 30 1 2.14 0.523 1 99 17 14
3 8 3 57 11 1 2.14 0.523 1 68 18 14
3 8 3 36 3 1 2.14 0.523 1 39 19 14
3 8 3 12 0 1 2.14 0.523 1 12 20 14
3 8 3 2 0 1 2.14 0.523 1 2 21 14
3 8 3 1 0 1 2.14 0.523 1 1 22 14
3 8 3 0 0 1 2.14 0.523 1 0 23 14
3 8 5 0 0 2 0.8 1 1 0 6 15
3 8 5 0 0 2 0.8 1 1 0 7 15
3 8 5 0 0 2 0.8 1 1 0 8 15
3 8 5 0 0 2 0.8 1 1 0 9 15
3 8 5 0 1 2 0.8 1 1 1 10 15
3 8 5 0 7 2 0.8 1 1 7 11 15
3 8 5 0 3 2 0.8 1 1 3 12 15
3 8 5 3 2 2 0.8 1 1 5 13 15
3 8 5 4 5 2 0.8 1 1 9 14 15
3 8 5 27 8 2 0.8 1 1 35 15 15
3 8 5 34 8 2 0.8 1 1 42 16 15
3 8 5 50 5 2 0.8 1 1 55 17 15
3 8 5 47 2 2 0.8 1 1 49 18 15
3 8 5 12 0 2 0.8 1 1 12 19 15
3 8 5 9 0 2 0.8 1 1 9 20 15
3 8 5 2 0 2 0.8 1 1 2 21 15
3 8 5 1 0 2 0.8 1 1 1 22 15
3 8 5 0 0 2 0.8 1 1 0 23 15
3 9 1 0 0 1 0.4 1 1 0 6 16
3 9 1 0 0 1 0.4 1 1 0 7 16
3 9 1 0 0 1 0.4 1 1 0 8 16
3 9 1 0 0 1 0.4 1 1 0 9 16
3 9 1 0 0 1 0.4 1 1 0 10 16
3 9 1 0 1 1 0.4 1 1 1 11 16
3 9 1 0 2 1 0.4 1 1 2 12 16
3 9 1 0 3 1 0.4 1 1 3 13 16
3 9 1 3 11 1 0.4 1 1 14 14 16
3 9 1 8 13 1 0.4 1 1 21 15 16
3 9 1 22 17 1 0.4 1 1 39 16 16
3 9 1 27 9 1 0.4 1 1 36 17 16
3 9 1 12 3 1 0.4 1 1 15 18 16
3 9 1 10 0 1 0.4 1 1 10 19 16
3 9 1 4 0 1 0.4 1 1 4 20 16
3 9 1 2 0 1 0.4 1 1 2 21 16
3 9 1 1 0 1 0.4 1 1 1 22 16
3 9 1 0 0 1 0.4 1 1 0 23 16
3 9 5 0 0 2 1.03 1 1 0 6 17
3 9 5 0 0 2 1.03 1 1 0 7 17
3 9 5 0 1 2 1.03 1 1 1 8 17
3 9 5 0 2 2 1.03 1 1 2 9 17
3 9 5 0 3 2 1.03 1 1 3 10 17
3 9 5 2 9 2 1.03 1 1 11 11 17
3 9 5 1 12 2 1.03 1 1 13 12 17
3 9 5 5 10 2 1.03 1 1 15 13 17
3 9 5 14 11 2 1.03 1 1 25 14 17
3 9 5 21 22 2 1.03 1 1 43 15 17
3 9 5 55 25 2 1.03 1 1 80 16 17
3 9 5 62 18 2 1.03 1 1 80 17 17
3 9 5 54 7 2 1.03 1 1 61 18 17
3 9 5 16 2 2 1.03 1 1 18 19 17
3 9 5 5 0 2 1.03 1 1 5 20 17
3 9 5 4 0 2 1.03 1 1 4 21 17
3 9 5 1 0 2 1.03 1 1 1 22 17
3 9 5 0 0 2 1.03 1 1 0 23 17
3 10 3 0 0 1 0.11 1 1 0 6 18
3 10 3 0 0 1 0.11 1 1 0 7 18
3 10 3 0 0 1 0.11 1 1 0 8 18
3 10 3 0 0 1 0.11 1 1 0 9 18
3 10 3 0 0 1 0.11 1 1 0 10 18
3 10 3 0 2 1 0.11 1 1 2 11 18
3 10 3 0 1 1 0.11 1 1 1 12 18
3 10 3 1 3 1 0.11 1 1 4 13 18
3 10 3 4 0 1 0.11 1 1 4 14 18
3 10 3 1 5 1 0.11 1 1 6 15 18
3 10 3 7 7 1 0.11 1 1 14 16 18
3 10 3 10 6 1 0.11 1 1 16 17 18
3 10 3 8 2 1 0.11 1 1 10 18 18
3 10 3 2 1 1 0.11 1 1 3 19 18
3 10 3 0 0 1 0.11 1 1 0 20 18
3 10 3 0 0 1 0.11 1 1 0 21 18
3 10 3 0 0 1 0.11 1 1 0 22 18
3 10 3 0 0 1 0.11 1 1 0 23 18
3 10 4 0 0 2 0.11 1 1 0 6 19
3 10 4 0 0 2 0.11 1 1 0 7 19
3 10 4 0 0 2 0.11 1 1 0 8 19
3 10 4 0 0 2 0.11 1 1 0 9 19
3 10 4 1 0 2 0.11 1 1 1 10 19
3 10 4 1 0 2 0.11 1 1 1 11 19
3 10 4 0 0 2 0.11 1 1 0 12 19
3 10 4 0 1 2 0.11 1 1 1 13 19
3 10 4 1 3 2 0.11 1 1 4 14 19
3 10 4 5 3 2 0.11 1 1 8 15 19
3 10 4 9 3 2 0.11 1 1 12 16 19
3 10 4 7 2 2 0.11 1 1 9 17 19
3 10 4 3 1 2 0.11 1 1 4 18 19
3 10 4 3 0 2 0.11 1 1 3 19 19
3 10 4 0 0 2 0.11 1 1 0 20 19
3 10 4 0 0 2 0.11 1 1 0 21 19
3 10 4 0 0 2 0.11 1 1 0 22 19
3 10 4 0 0 2 0.11 1 1 0 23 19
